[gd_scene load_steps=14 format=2]

[ext_resource path="res://materials/Hand.tres" type="Material" id=1]
[ext_resource path="res://scripts/Hand.gd" type="Script" id=2]
[ext_resource path="res://mesh/handMesh.tscn" type="PackedScene" id=3]
[ext_resource path="res://materials/handMaterial.material" type="Material" id=4]
[ext_resource path="res://sound/throw_woosh.wav" type="AudioStream" id=5]

[sub_resource type="Animation" id=9]
resource_name = "throw"
length = 0.7
tracks/0/type = "method"
tracks/0/path = NodePath(".")
tracks/0/interp = 1
tracks/0/loop_wrap = true
tracks/0/imported = false
tracks/0/enabled = true
tracks/0/keys = {
"times": PoolRealArray( 0.4 ),
"transitions": PoolRealArray( 1 ),
"values": [ {
"args": [  ],
"method": "end_throw"
} ]
}
tracks/1/type = "animation"
tracks/1/path = NodePath("hand/AnimationPlayer")
tracks/1/interp = 1
tracks/1/loop_wrap = true
tracks/1/imported = false
tracks/1/enabled = true
tracks/1/keys = {
"clips": PoolStringArray( "ArmatureAction" ),
"times": PoolRealArray( 0 )
}
tracks/2/type = "value"
tracks/2/path = NodePath("hand:rotation_degrees")
tracks/2/interp = 1
tracks/2/loop_wrap = true
tracks/2/imported = false
tracks/2/enabled = true
tracks/2/keys = {
"times": PoolRealArray( 0, 0.1, 0.4 ),
"transitions": PoolRealArray( 1, 1, 1 ),
"update": 0,
"values": [ Vector3( -90, 0, 0 ), Vector3( -102.485, 0, 0 ), Vector3( -67.37, 0, 0 ) ]
}
tracks/3/type = "value"
tracks/3/path = NodePath("hand:translation")
tracks/3/interp = 1
tracks/3/loop_wrap = true
tracks/3/imported = false
tracks/3/enabled = true
tracks/3/keys = {
"times": PoolRealArray( 0, 0.1, 0.4 ),
"transitions": PoolRealArray( 1, 1, 1 ),
"update": 0,
"values": [ Vector3( 0, 0, -3 ), Vector3( 0, -0.490217, -3 ), Vector3( 0, 0.470914, -3 ) ]
}
tracks/4/type = "audio"
tracks/4/path = NodePath("Woosh")
tracks/4/interp = 1
tracks/4/loop_wrap = true
tracks/4/imported = false
tracks/4/enabled = true
tracks/4/keys = {
"clips": [ {
"end_offset": 0.0,
"start_offset": 0.0,
"stream": ExtResource( 5 )
} ],
"times": PoolRealArray( 0.4 )
}

[sub_resource type="CubeMesh" id=1]
size = Vector3( 1.6, 0.298, 2 )

[sub_resource type="CubeMesh" id=3]
size = Vector3( 1.586, 0.2, 0.351 )

[sub_resource type="CubeMesh" id=4]
size = Vector3( 1, 0.2, 0.354 )

[sub_resource type="CubeMesh" id=5]
size = Vector3( 1.141, 0.2, 0.471 )

[sub_resource type="CubeMesh" id=6]
size = Vector3( 2.014, 0.2, 0.351 )

[sub_resource type="CubeMesh" id=7]
size = Vector3( 0.943, 0.653, 2.826 )

[sub_resource type="BoxShape" id=10]
extents = Vector3( 4.33718, 17.7574, 1 )

[node name="Hand" type="Spatial"]
script = ExtResource( 2 )

[node name="AnimationPlayer" type="AnimationPlayer" parent="."]
reset_on_save = false
anims/throw = SubResource( 9 )

[node name="OLDMESHES" type="Spatial" parent="."]
visible = false

[node name="palm" type="MeshInstance" parent="OLDMESHES"]
transform = Transform( 1, 0, 0, 0, 1, 2.98024e-08, 0, -2.98024e-08, 1, 0, 0, 0 )
mesh = SubResource( 1 )
skeleton = NodePath("../..")
material/0 = ExtResource( 1 )

[node name="finger2" type="MeshInstance" parent="OLDMESHES/palm"]
transform = Transform( -0.00041914, 0, -1, 0.163447, 0.986552, -6.85069e-05, 0.986552, -0.163447, -0.000413503, 0.224454, 0.150491, 1.39542 )
mesh = SubResource( 3 )
skeleton = NodePath("../thumb")
material/0 = ExtResource( 1 )

[node name="pinki" type="MeshInstance" parent="OLDMESHES/palm"]
transform = Transform( -0.171293, 0, 0.98522, -0.161031, 0.986552, -0.0279972, -0.971971, -0.163447, -0.168989, 0.696537, 0.148079, 1.38235 )
mesh = SubResource( 4 )
skeleton = NodePath("../thumb")
material/0 = ExtResource( 1 )

[node name="thumb" type="MeshInstance" parent="OLDMESHES/palm"]
transform = Transform( 0.772335, 0, 0.635216, -0.103824, 0.986552, 0.126235, -0.626674, -0.163447, 0.761948, -1.07468, -0.013724, 0.407206 )
mesh = SubResource( 5 )
material/0 = ExtResource( 1 )

[node name="finger3" type="MeshInstance" parent="OLDMESHES/palm"]
transform = Transform( -0.00041914, 0, -1, 0.163447, 0.986552, -6.85069e-05, 0.986552, -0.163447, -0.000413503, -0.228818, 0.150491, 1.39542 )
mesh = SubResource( 3 )
skeleton = NodePath("../thumb")
material/0 = ExtResource( 1 )

[node name="finger4" type="MeshInstance" parent="OLDMESHES/palm"]
transform = Transform( -0.00041914, 0, -1, 0.163447, 0.986552, -6.85069e-05, 0.986552, -0.163447, -0.000413503, -0.667211, 0.150491, 1.39542 )
mesh = SubResource( 6 )
skeleton = NodePath("../thumb")
material/0 = ExtResource( 1 )

[node name="arm" type="MeshInstance" parent="OLDMESHES"]
transform = Transform( 1, 0, 0, 0, 1, 0, 0, 0, 1, 0.0125324, 0, -2.34011 )
mesh = SubResource( 7 )
skeleton = NodePath("../..")
material/0 = ExtResource( 1 )

[node name="arm" type="MeshInstance" parent="OLDMESHES/arm"]
transform = Transform( 1, 0, 0, 0, 0.932991, -0.359899, 0, 0.359899, 0.932991, 0.0125324, 0.383853, -2.20222 )
mesh = SubResource( 7 )
material/0 = ExtResource( 1 )

[node name="hand" parent="." instance=ExtResource( 3 )]
transform = Transform( 0.3, 0, 0, 0, -1.31134e-08, 0.3, 0, -0.3, -1.31134e-08, 0, 0, -3 )

[node name="hand" parent="hand/Armature/Skeleton" index="0"]
material/0 = ExtResource( 4 )

[node name="KinematicBody" type="KinematicBody" parent="hand"]

[node name="CollisionShape" type="CollisionShape" parent="hand/KinematicBody"]
transform = Transform( 1, 0, 0, 0, 1, 0, 0, 0, 1, -1.15566, 0, 0 )
shape = SubResource( 10 )

[node name="Woosh" type="AudioStreamPlayer" parent="."]
stream = ExtResource( 5 )

[editable path="hand"]
