[gd_scene load_steps=13 format=2]

[ext_resource path="res://materials/Hand.tres" type="Material" id=1]
[ext_resource path="res://scripts/Hand.gd" type="Script" id=2]
[ext_resource path="res://mesh/handMesh.tscn" type="PackedScene" id=3]

[sub_resource type="Animation" id=8]
length = 0.001
tracks/0/type = "value"
tracks/0/path = NodePath("meshes/palm:rotation_degrees")
tracks/0/interp = 1
tracks/0/loop_wrap = true
tracks/0/imported = false
tracks/0/enabled = true
tracks/0/keys = {
"times": PoolRealArray( 0 ),
"transitions": PoolRealArray( 1 ),
"update": 0,
"values": [ Vector3( -1.70755e-06, 0, 0 ) ]
}
tracks/1/type = "value"
tracks/1/path = NodePath("meshes/arm:translation")
tracks/1/interp = 1
tracks/1/loop_wrap = true
tracks/1/imported = false
tracks/1/enabled = false
tracks/1/keys = {
"times": PoolRealArray( 0 ),
"transitions": PoolRealArray( 1 ),
"update": 0,
"values": [ Vector3( 0.0125324, 0, -2.34011 ) ]
}
tracks/2/type = "value"
tracks/2/path = NodePath("meshes/arm:rotation_degrees")
tracks/2/interp = 1
tracks/2/loop_wrap = true
tracks/2/imported = false
tracks/2/enabled = true
tracks/2/keys = {
"times": PoolRealArray( 0 ),
"transitions": PoolRealArray( 1 ),
"update": 0,
"values": [ Vector3( 0, 0, 0 ) ]
}
tracks/3/type = "value"
tracks/3/path = NodePath("meshes:translation")
tracks/3/interp = 1
tracks/3/loop_wrap = true
tracks/3/imported = false
tracks/3/enabled = true
tracks/3/keys = {
"times": PoolRealArray( 0 ),
"transitions": PoolRealArray( 1 ),
"update": 0,
"values": [ Vector3( 0, 0, 0 ) ]
}
tracks/4/type = "value"
tracks/4/path = NodePath("meshes:rotation_degrees")
tracks/4/interp = 1
tracks/4/loop_wrap = true
tracks/4/imported = false
tracks/4/enabled = true
tracks/4/keys = {
"times": PoolRealArray( 0 ),
"transitions": PoolRealArray( 1 ),
"update": 0,
"values": [ Vector3( 0, 0, 0 ) ]
}

[sub_resource type="Animation" id=9]
resource_name = "throw"
length = 0.7
tracks/0/type = "value"
tracks/0/path = NodePath("meshes/palm:rotation_degrees")
tracks/0/interp = 1
tracks/0/loop_wrap = true
tracks/0/imported = false
tracks/0/enabled = true
tracks/0/keys = {
"times": PoolRealArray( 0, 0.3, 0.4 ),
"transitions": PoolRealArray( 1, 1, 1 ),
"update": 0,
"values": [ Vector3( -1.70755e-06, 0, 0 ), Vector3( 13.27, 0, 0 ), Vector3( -0.443999, 0, 0 ) ]
}
tracks/1/type = "value"
tracks/1/path = NodePath("meshes:translation")
tracks/1/interp = 1
tracks/1/loop_wrap = true
tracks/1/imported = false
tracks/1/enabled = true
tracks/1/keys = {
"times": PoolRealArray( 0, 0.3, 0.4 ),
"transitions": PoolRealArray( 1, 1, 1 ),
"update": 0,
"values": [ Vector3( 0, 0, 0 ), Vector3( 0, -0.244813, 0 ), Vector3( 0, 0.3745, 0 ) ]
}
tracks/2/type = "value"
tracks/2/path = NodePath("meshes:rotation_degrees")
tracks/2/interp = 1
tracks/2/loop_wrap = true
tracks/2/imported = false
tracks/2/enabled = true
tracks/2/keys = {
"times": PoolRealArray( 0, 0.3, 0.4 ),
"transitions": PoolRealArray( 1, 1, 1 ),
"update": 0,
"values": [ Vector3( 0, 0, 0 ), Vector3( 10.446, 0, 0 ), Vector3( -6.361, 0, 0 ) ]
}
tracks/3/type = "method"
tracks/3/path = NodePath(".")
tracks/3/interp = 1
tracks/3/loop_wrap = true
tracks/3/imported = false
tracks/3/enabled = true
tracks/3/keys = {
"times": PoolRealArray( 0.4 ),
"transitions": PoolRealArray( 1 ),
"values": [ {
"args": [  ],
"method": "end_throw"
} ]
}
tracks/4/type = "animation"
tracks/4/path = NodePath("hand/AnimationPlayer")
tracks/4/interp = 1
tracks/4/loop_wrap = true
tracks/4/imported = false
tracks/4/enabled = true
tracks/4/keys = {
"clips": PoolStringArray( "ArmatureAction" ),
"times": PoolRealArray( 0 )
}

[sub_resource type="CubeMesh" id=1]
size = Vector3( 1.6, 0.298, 2 )

[sub_resource type="CubeMesh" id=3]
size = Vector3( 1.586, 0.2, 0.351 )

[sub_resource type="CubeMesh" id=4]
size = Vector3( 1, 0.2, 0.354 )

[sub_resource type="CubeMesh" id=5]
size = Vector3( 1.141, 0.2, 0.471 )

[sub_resource type="CubeMesh" id=6]
size = Vector3( 2.014, 0.2, 0.351 )

[sub_resource type="CubeMesh" id=7]
size = Vector3( 0.943, 0.653, 2.826 )

[sub_resource type="BoxShape" id=10]
extents = Vector3( 1, 0.214314, 1.86503 )

[node name="Hand" type="Spatial"]
script = ExtResource( 2 )

[node name="AnimationPlayer" type="AnimationPlayer" parent="."]
anims/RESET = SubResource( 8 )
anims/throw = SubResource( 9 )

[node name="meshes" type="KinematicBody" parent="."]
visible = false

[node name="palm" type="MeshInstance" parent="meshes"]
transform = Transform( 1, 0, 0, 0, 1, 2.98024e-08, 0, -2.98024e-08, 1, 0, 0, 0 )
mesh = SubResource( 1 )
skeleton = NodePath("../..")
material/0 = ExtResource( 1 )

[node name="finger2" type="MeshInstance" parent="meshes/palm"]
transform = Transform( -0.00041914, 0, -1, 0.163447, 0.986552, -6.85069e-05, 0.986552, -0.163447, -0.000413503, 0.224454, 0.150491, 1.39542 )
mesh = SubResource( 3 )
skeleton = NodePath("../thumb")
material/0 = ExtResource( 1 )

[node name="pinki" type="MeshInstance" parent="meshes/palm"]
transform = Transform( -0.171293, 0, 0.98522, -0.161031, 0.986552, -0.0279972, -0.971971, -0.163447, -0.168989, 0.696537, 0.148079, 1.38235 )
mesh = SubResource( 4 )
skeleton = NodePath("../thumb")
material/0 = ExtResource( 1 )

[node name="thumb" type="MeshInstance" parent="meshes/palm"]
transform = Transform( 0.772335, 0, 0.635216, -0.103824, 0.986552, 0.126235, -0.626674, -0.163447, 0.761948, -1.07468, -0.013724, 0.407206 )
mesh = SubResource( 5 )
material/0 = ExtResource( 1 )

[node name="finger3" type="MeshInstance" parent="meshes/palm"]
transform = Transform( -0.00041914, 0, -1, 0.163447, 0.986552, -6.85069e-05, 0.986552, -0.163447, -0.000413503, -0.228818, 0.150491, 1.39542 )
mesh = SubResource( 3 )
skeleton = NodePath("../thumb")
material/0 = ExtResource( 1 )

[node name="finger4" type="MeshInstance" parent="meshes/palm"]
transform = Transform( -0.00041914, 0, -1, 0.163447, 0.986552, -6.85069e-05, 0.986552, -0.163447, -0.000413503, -0.667211, 0.150491, 1.39542 )
mesh = SubResource( 6 )
skeleton = NodePath("../thumb")
material/0 = ExtResource( 1 )

[node name="arm" type="MeshInstance" parent="meshes"]
transform = Transform( 1, 0, 0, 0, 1, 0, 0, 0, 1, 0.0125324, 0, -2.34011 )
mesh = SubResource( 7 )
skeleton = NodePath("../..")
material/0 = ExtResource( 1 )

[node name="arm" type="MeshInstance" parent="meshes/arm"]
transform = Transform( 1, 0, 0, 0, 0.932991, -0.359899, 0, 0.359899, 0.932991, 0.0125324, 0.383853, -2.20222 )
mesh = SubResource( 7 )
material/0 = ExtResource( 1 )

[node name="CollisionShape" type="CollisionShape" parent="meshes"]
transform = Transform( 1, 0, 0, 0, 1, 0, 0, 0, 1, 0, -0.0371798, 0.333515 )
shape = SubResource( 10 )

[node name="hand" parent="." instance=ExtResource( 3 )]
transform = Transform( -0.3, 4.52987e-08, 1.98007e-15, 0, -1.31134e-08, 0.3, 4.52987e-08, 0.3, 1.31134e-08, 0, 0, -2.83695 )

[editable path="hand"]
